0847080579989710589402472636055159936968466060582079795513836568
7700764685568398565738508527301334447681293750688424317978219423
2023062935436040778081973203650123100681696980756617002627742244
7108302468746287203859919908239498337877897524100657991923806696
8057595727026392295274183854067268225619417974139737392516589935
4554658236378619236711983494748423443868850024243910114049959250
7857998166701362503519645640016744803615436262578962059248837149
6421033400895850960718047492904484615947386233825724579711853092
7240982431058983361313332285384288719172881590376246422822635635
6724724571836769744247965129386672103038916444559794570016860792
0828262999147604281385819557180226349307378524514240676419086284
8481717291774182805036448166364468801728856672555739163936870107
4519726828725479369210486242662065454719032367072138010232184120
4710232445323722803004682399331441105134952947506837031369600243
4053817296978938397588364687687359672137710394042971308753391300
0544050924756278766435936738106539427662414718123504816080636936
2233822539508228216586901387424761426304916958480502600060095573
5240058994433277964384634166128370061503141187252331931090115514
5673073768859753334596565639570458774661459353881300742573190968
7860754826191716657252621761981335613132416190859428598101176168
8697546095019213446067665517351169032343271387620926199974453291
6105366739733347141713495993909569666911384463300853502133630032
8369950209836134051699848940285061539692577375228085722314108881
7907827086891466390069513808318657947278500319192668344796513333
9433896416401669254637676157765358799060559946254940948777751700
1583348532955340393473577808376822792889322376832913457277449820
6043854975806031412744940378322856192999657835369250695817317145
4056106071739179752736966806597127230583592342650842363528865878
0439066010355317061416110966400460933953227424026605285477639631
6657933266159198817878278446882836863480008045517423734353844247
8528901769185388365075758827787085735082765831029006762923476699
2432271165549648891929173222062039600996619943458350616426616664
2312160424039030201626424075434227995676318640599911232392724467
7078423641292220034673028296756300926719544898061603447287942431
2998970567768195172133644781574185533769947085191045087928468205
9897531569093785947571353024001205876998095453952839445912995977
1150395926931464954151571124944563183827620304262486706396559217
6826668781117785306980084581929014809279936766856758397317993882
2773296289460929475891467550961862467824216655683575530982910641
4999760282971031185989198414327810102495429714061962190998502211
3118308784883356632273439132650749313901802519598405561746808335
4629619242432492873289012745708311103907383599900895929593828424
1588686353507749396426859118833975660679355261437840113984369950
0671013186972093057305724788443663738056924407306787252910304335
8520079708267830763652905655002540257943984946083196554961331736
1516001693421579791078815999208353590070939339293507858333338313
1430674344848487369407515921893538143671748056708426967111026203
8917463268985812568244745562364421265985467665483559817074001416
2711429018487667051522643699746109306216812357348537073024267250
9679086281747173570065675802096133017450420673531119093966849407
2487154342576417349063131046332158436830717075443285522847314493
1444588614469676833674787016715880333544739443577275922546857868
5076278898252224677396628831973962456085031042090635661191133131
6637828265600854201200280757141945844882387278999663654040231612
5871853945560067213726986627256289577474324830611194015180848578
3320381858795652345453356104441415011364179751072901784499782258
6722217372952764889627167885101424348035352705094277552428684209
0469204005157052631610149751972032057968563198479924893416874726
0617148245058228710004112075009694300273506031456870213631478085
4135699094397539156901513344364735856040670579211142289628227735
1766098121108464572361481514297363987584689870514157960044019335
2073232291631762722240933304389190953425663955452011341172066298
5730315089404618551980306157343230003836903476386002385951393132
2805826818916925979794112191372384050200313170096085016864853555
0848828403126146637703475992741170384727194533661554419847857471
0174886713682132321909283168324409220603378371724057267833437239
2495581952327738410984506209293424452663025911305664899255826553
2149330817889126015526432472127578759564285961889366742125781050
3173348182498122872398574740714058137877254542132103555282375426
8666562154769539093033953222227103286561762594281988509117696505
5993595542928262306857332928568934735261442651655915119603982456
7431995070931551075917626899492016410323275336460505620453011550
7061836016092726942941135014508687758055902000939401599540715534
9096891951548769549005156695060673583984498750722885997607707563
1993471481576588594492482301550917880076243829292825508746637908
7251259021996493108028013151964176969904523488518204916210098887
9910869053608492993979850029384881555957256875617961342435004490
1681368817406817526617290905083759088867297662226000507409954343
5131921800740590797253988812358268252613327420341131001457818070
6292515335110067604319521888554588222339141285027604480011178252
9376002139714405434207777200109272257522415284075745455722944772
2168662761634806881342680429718660369212348353130082331475247179
1097625856808069415307594120130851018633155662435615402821241954
6088872861341713398000426358807552397004283699277694098340640127
5839679245299065554389225474439628823656758667611383611613158120
8578261133055331718338051258615268441623168336709201137107040130
5277944822134037600972996540093757560261173151335934358054503539
6864336336878235621456593279455940687288206739143581277022661779
0823948763953206644831045074126289188752217734076676131873292587
1188094072743733382108897666721528499323057925300489210854721284
0368445415600566864697538998436419611407301449647217296784363215
5476951442914559832447880493702888077954910302732003650908456078
4820878269638995204093407961859109902007379530128011823238000458
4688758518521178230948250300513471144782959702161464958051938176
9073150518664385923077215001313735007213638264790084955204884620
7572984460497233925081990605028476516134621860180792902077002249
2399913326713688057539807245568621523543378036507445131670883771
5910909146510289646147537310451315462367398197026778886902219187
6205857249642627246931699255435810565278688281274331712231851283
8750795078234942947586113325832302520542124681126499297188171967
0770525883320350358772263323306683215669415585243227776932836468
1163176280319647411970477170036552689107906102908368485645730136
9784318589780809113932579721432957052636928897387959243668655883
3306613350627027139592348485977459952276268770171867834240378357
4024918714910011719095020079742930419283015105350456506462234383
2614179667500631673410663704392162664842937347990130673680311977
0528798697965363939421676473394887806170580937972370541286184074
7009413849688094190341500444329632957069006156158879076112976450
7954303613967420358441351140107374654169774939059259234618006200
8070788084780570116388171199283053917716375445384434511636352919
8664287329447015719555699388445965344751613579328666158103742334
3048371255180207488415318264485167002475016149351531572521690498
3937413777985419833916584817095410874301238590901402578054270056
3377131531822156392631830930440659409784347170362355473953480928
2539099265827169714794690759981892866932883825555203406123016057
0054952724242032537248223406158508334340166574157733522508261840
5299466853539976076770609425872136376108205620576929461737515781
1598889743907324796878195158151951831375652218466776532107964608
7959978529852141581563953377265414760380217165071471723974795632
5940128264809503271996908919180900559342528081679876374646854870
4369058284217668378500802831603838792384414606586859000536048535
0745937784680333318712385852500195025877391896066965709657934250
9848422013466776656461288837467434843661759226495097536004734812
1488333780515854666052957438884264216048835176333755290374435527
8091240018838045347190228093026264014829287394006725144528528453
5173750258021799764176408043066406901024657375986569399522801017
0362545802265941016290111764034137257528085252546525659636843947
6419489618706452455832955555264274989090752736745443819670276422