965917506
155883953
536014507
862701471
984897409
274079070
459842723
979478399
755730849
833197586
391696819
3395595
507066139
37401015
540369388
194716848
983193671
127274479
90757019
836204211
517548765
463310385
465275228
722017909
201912751
973248180
688881772
318763721
835479588
61432306
510365914
628117897
99854325
889012026
69751290
865726074
273749295
484837868
166101689
619674224
953910883
301680798
296591775
743464676
433316351
750143299
182381710
361870519
768704823
318365884
33599799
59090479
116746532
841923258
870805518
10395292
817857779
789454448
194300082
318337633
673111494
486044061
370731438
568317667
491683806
355124662
482226088
658069791
276529755
938933395
919178815
822846902
134106374
717134189
687208587
563519942
32358198
867507985
56053138
622114709
220423113
635424261
924175555
911318672
247293918
197712911
740506623
47778187
895969320
531121217
656289938
236824470
969161285
579365382
279483699
781028398
523506880
924013235
482723259
205604122
563053372
938666290
382094621
824621484
289166054
457592967
641291200
171503547
926571543
147883469
977947679
5380727
808794167
685585188
939200318
749127208
801107763
944136631
636623319
788612262
115177746
976635556
234350043
419777906
608942395
654040980
809508770
586908511
343246649
741103526
437523817
629254113
586978958
430169884
55138490
436616099
708432235
351846942
42302389
53884222
644470347
277066314
753108397
664964952
432687062
830800538
214822463
124924271
683937813
946755156
405506624
482097020
871237541
275375764
574889460
347819929
910879241
949847746
253042812
703239690
413569083
583443745
692972004
937365835
771752413
974988621
602154002
123255432
875817256
985369684
575601632
258784811
325916450
1956932
238464527
249129413
247487695
70941441
818380357
872554318
248225489
735814229
552258010
298836296
153711814
185094201
91242689
75454343
875125033
49310178
997836358
918588640
288495405
281091591
859485642
314499411
923972532
147436280
440473710
817086398
278246866
141139128
945437333
326145588
706683788
218383493
92896501
636182578
164866046
114604899
996215808
443873693
915656033
313346425
483441475
566997335
657150454
542305524
121332255
275391942
117488809
735674158
698934563
616232585
716777708
692068974
481925662
316301287
608626912
484201141
857580898
272612099
890670710
628175972
938699455
833208628
469095279
156592656
419311611
862493765
388981441
67435441
738921143
174173414
357523521
641864124
563516008
232079006
700910943
388176932
994085659
896978699
810028653
318732446
532575964
984098759
928668316
909781575
140506176
110163859
441891014
108115944
459968319
327957868
255815314
715965713
596493239
329879709
427010034
572726547
706471035
443457194
197277713
695075504
525170605
913471470
63590550
12266979
498892598
921133465
474735384
118037157
990231085
65742948
670130048
618865838
368431192
14719158
655557031
765527617
399937662
119905057
842904224
485984655
992308693
855561333
367671554
428473693
411943828
52404776
407153637
613741962
667789273
633409207
51055331
963342020
666296511
316575064
441642146
857440384
255809096
490605585
739114225
797600325
143708509
357230425
631559063
82718605
569278027
340112315
19577710
503531238
719673607
181220841
459360240
142479286
176593483
264985907
952924087
522944558
376920377
372555793
918745985
151003149
410932678
614027226
934239774
270940295
646374382
426779159
43385358
629601705
753289889
889409632
347115609
285078635
989438297
423947241
710314068
206480328
837694298
740451471
589369335
915658451
843395295
254329723
998371294
41000806
116449129
310801122
330967331
846502565
388137085
461690314
823801188
343059063
786241325
742620360
52062380
339731809
705824184
181302490
860207148
103150192
300862913
623092482
718960447
27058505
151912120
347832246
457762688
787039659
272133463
35231653
904635622
283747723
394752502
15257126
628612157
169386556
393782900
913574417
396611554
573811070
96229966
884807819
315103017
480270987
463714326
419000079
509987880
686762738
738843449
870797835
301785597
222667823
588716256
678938309
645416219
18710729
982491539
728495683
541563660
388805440
130418267
416625810
612403474
149250503
497626758
927981545
963302197
891371238
842960578
124005994
839867671
802717752
731313492
839108478
554510882
705939052
426716114
354512499
215120134
316032839
207686209
273426328
745971548
578008581
19437576
755703652
60989940
247236126
9887597
303830687
785154995
863693892
268059139
882535750
836348443
482201281
511261839
833401938
675625013
464936296
87721655
60634545
592052998
209235805
48564130
674872378
805639046
940474960
623784128
580631957
938373447
821905082
130806955
405132276
87471018
412192613
931826063
885761771
463516410
332959325
416264835
326612082
946387405
310385431
131767959
44919136
399449170
967151011
593798043
42968208
286577914
611776036
571150925
883180130
611678502
263168512
23937719
32475444
974893818
986131557
856009501
283591253
893467407
892292759
799258867
11731197
169979336
168185
805416943
87393175
477193898
740768740
565201064
466523063
691376689
119807553
273556221
163386109
659618591
666272676
164379875
66553090
834504834
445065403
625668762
131343612
700224256
147781078
769856744
508289709
336747093
771316056
303341613
39075505
881340287
329351244
577450545
694517668
469768655
723605985
556134602
870131831
245189407
736166730
988796531
789863998
931987554
822637609
620634122
190909934
153341402
918282979
722131368
335981001
267415956
195960786
385113778
73520647
504831458
892571035
563465335
286340180
274240839
150356811
260532272
890641899
361641495
398836831
231010339
237598898
36716212
901528580
602239159
783328187
523303909
65675415
761684688
186643780
578796816
559663762
255807010
933946879
123811566
327195958
218947870
645609348
273416767
765257436
889795351
762861031
278973392
782825148
175604903
91549835
660943478
30121159
859390804
884667163
915625675
6682990
844925075
24353522
195896741
207269906
808641586
88006080
509634525
755577603
50825690
133557189
627775037
574342390
269121685
303407058
355668491
569356974
909398402
189356451
383679909
682622730
607934622
991101032
378459811
180767741
667601794
687513731
712925087
868291614
910562485
511495882
995758483
747806996
92834193
834806857
912635299
648487607
112846685
903462951
559891331
55811564
143483350
722409797
862325342
60722134
200122596
546501418
843103825
972520312
953664669
417948655
297385697
850854861
260768916
231071851
381352502
767645192
163786024
630570502
699319926
945340585
840550462
803882811
827299908
276694804
191223706
964066272
625930454
871663845
246614696
485356731
506897777
112848274
317220728
189999
806186306
631827901
319970073
803725617
822913568
368855169
997512170
439539812
315709725
948164707
501399531
115681938
919276406
78978267
404043473
724967163
722481311
607411781
990121313
388647674
991930920
110325876
353560157
976760597
552002005
750328403
564591839
385311194
226430935
983184951
377535987
448765389
862369755
194279161
786515411
467739508
138951493
322192591
830485176
748456
785684155
677946883
926127445
180796974
432462956
358864207
613757081
541455472
999176598
437276602
354753635
185373037
209390089
914053778
765427225
945270415
503611963
521318446
568726232
110262967
439992775
517472739
701210777
320443522
343580118
752492036
744249480
855486111
301578784
599916269
960393861
779103593
613816114
315239725
236974174
937643286
986300081
377681243
78117317
572892708
948309116
916487625
43514272
187730439
525651737
738997648
96802427
383480784
52268593
843490577
977237842
877106456
99405789
67138719
346527932
25565595
263106619
202463748
875931284
904545758
115396692
96177205
770114506
544781222
953283524
487382895
386790778
330379074
420530851
647877851
190580483
535731790
1813087
748205865
776822442
287388354
648613621
567369622
86805723
720945384
84276611
771295831
385122991
478803679
678879315
177535062
710169289
408997012
203076781
157802302
138859073
422791311
795044240
120887368
321477414
492876062
691048683
315763160
142482056
387554357
488526497
70030211
457043037
676737641
975258022
632462542
57454330
268423592
352262770
224964035
339321678
944097054
538672261
132563417
373980071
681944046
110693491
505023234
540681106
966382630
724017117
117576017
136774450
532363951
491007071
770391250
902076945
994724791
661695055
691334369
654899431
955554245
929111644
880982049
822178822
314730894
564144498
239880799
785964830
577183855
797707083
646960904
612076002
167936804
813004757
153481672
544874753
93330676
587540990
238278655
423802822
331348406
866803768
513545041
371464399
932079809
138969470
636261875
760771576
503330931
123622996
933758099
304966153
924094256
154164278
762544217
249991580
717759281
900608726
161151167
331601513
198045007
682737909
69933076
574915283
608207943
26513934
1032405
164498305
774524524
210757834
905213768
864853849
429850038
776620171
783566493
11359689
838319822
266587851
797437978
676661413
59385323
747438265
407832595
774723539
897002513
284774911
418577900
140380504
694953078
420585467
5022813
107886374
965705717
72590920
312715284
496103196
889876754
992219757
975861563
661433656
575474304
159951776
721078261
306868159
801729347
887369529
586480914
298269939
556745743
402969253
416842064
55975970
417512015
599758003
970571509
136230963
701104703
262163487
53464236
578010004
371699354
326968973
482116520
554526881
392434562
191392114
40400970
779340273
786129049
720208487
889407167
915551274
824340064
122437136
548360016
668671634
254953543
335880967
672185819
502780741
553627763
937361971
388378980
271333179
958468309
377026581
675904005
729019475
904150856
16146478
418783045
800237467
768214956
512485798
908867577
407213926
664324601
556499384
74454985
692141251
64922278
820955330
712519041
815115322
353529601
845255664
879019776
384274766
612752572
203219651
807935040
260117738
769813259
125819074
480806825
279724492
903130779
559552317
518920073
783257029
399013921